1.37
1.22
1.84
1.08
2.06
2.06
1.20
1.15
1.04
1.17
2.51
1.74
1.40
2.59
1.37
1.30
1.11
1.88
1.88
1.64
1.68
2.68
2.58
2.61
1.92
1.45
1.41
2.39
2.31
1.54
1.20
1.53
1.30
2.15
1.92
2.33
2.28
1.33
1.89
1.89
2.20
1.08
1.09
2.51
1.07
1.09
1.50
2.15
1.65
1.20
1.08
2.37
1.13
1.10
1.77
1.30
1.81
1.99
2.59
2.38
1.97
1.97
1.71
1.44
2.31
2.00
2.31
1.39
1.01
2.11
1.86
1.84
1.10
1.41
2.27
2.69
1.21
1.96
1.71
1.46
2.12
1.16
2.20
1.16
1.75
1.49
2.27
1.55
2.54
2.11
2.04
1.17
2.24
2.67
1.81
1.33
2.10
2.50
1.15
2.14
1.90
1.91
1.80
2.30
2.25
2.19
2.50
1.06
2.11
1.02
1.01
2.27
1.94
1.80
1.68
1.86
2.13
1.35
1.39
1.29
1.84
1.87
1.31
2.65
1.70
1.16
2.17
2.53
1.80
2.02
1.67
1.65
1.83
1.63
2.40
1.22
1.67
1.79
1.62
1.51
2.32
2.57
1.77
2.50
2.22
1.48
1.08
1.57
2.53
1.58
1.51
1.84
2.52
1.32
1.93
2.18
2.30
1.74
1.80
1.27
2.51
2.30
2.02
2.11
1.06
2.18
2.64
1.62
2.18
1.95
1.15
1.10
2.10
2.40
1.29
1.77
2.38
1.95
1.92
2.46
1.51
1.40
1.63
1.14
2.29
2.21
2.04
1.95
2.61
1.90
1.39
2.27
1.97
1.70
2.04
2.28
1.56
1.05
1.53
1.43
1.49
1.04
2.66
2.02
1.74
1.42
1.96
1.43
1.83
1.57
2.35
1.61
1.04
1.69
2.43
2.21
2.27
1.20
1.50
2.44
1.20
2.56
1.62
1.75
1.27
1.98
1.57
2.65
1.88
2.56
1.44
1.97
2.42
2.49
2.57
1.35
1.48
2.25
1.07
1.08
1.69
2.09
2.21
1.20
1.38
1.66
1.20
1.28
1.87
1.74
1.83
2.42
1.74
1.22
1.48
1.06
1.54
1.48
2.14
2.00
2.31
2.51
1.37
1.17
2.68
1.27
2.43
1.26
1.59
2.36
1.01
2.08
1.38
1.86
1.34
1.70
1.10
2.23
2.04
1.38
2.22
2.18
1.17
2.38
1.08
2.18
1.67
1.52
2.19
1.95
1.91
2.50
1.39
1.79
2.02
2.07
1.69
2.53
2.08
2.23
2.35
2.68
2.47
2.33
2.00
2.63
1.28
1.89
2.16
2.58
2.24
2.14
1.02
2.57
1.08
1.08
1.19
1.23
1.18
1.05
2.64
1.76
2.41
1.23
1.11
1.31
2.36
2.59
2.27
1.23
1.35
1.34
2.32
2.41
1.05
1.47
1.28
1.06
1.87
2.26
1.44
1.92
2.48
1.48
1.10
1.27
1.38
2.42
2.35
1.00
2.39
2.69
2.30
2.66
1.78
2.07
1.71
1.98
1.40
2.36
2.12
2.51
1.80
2.47
1.75
2.44
2.52
2.53
2.03
2.30
1.26
1.58
2.59
1.16
1.76
2.43
1.86
1.74
1.93
1.76
1.41
2.37
2.60
2.66
2.30
1.29
1.56
2.11
1.78
1.29
1.52
1.00
2.37
1.32
1.55
2.69
2.63
1.98
2.49
1.74
1.97
1.31
2.67
2.02
2.49
1.20
2.47
1.22
1.02
2.32
2.55
1.28
2.04
1.16
2.50
2.29
2.04
1.11
1.60
1.80
1.57
1.86
1.72
1.55
2.43
1.13
2.15
2.49
1.81
1.94
1.64
2.12
2.21
1.53
2.56
2.37
1.39
1.24
1.90
2.58
1.41
1.37
1.40
1.47
1.11
1.66
1.08
1.20
2.63
2.17
1.73
1.65
1.35
1.17
2.68
1.93
1.72
1.98
1.75
2.34
1.26
1.51
2.37
1.60
2.17
1.33
2.47
1.40
1.27
2.19
2.44
1.04
2.43
2.34
1.70
1.10
2.28
1.38
2.43
2.43
1.81
1.13
1.79
2.12
1.39
1.85
1.69
1.77
1.35
2.24
1.88
1.01
1.24
1.60
1.96
1.52
1.26
2.45
2.22
1.30
2.38
1.54
1.38
1.32
1.80
1.89
1.61
2.35
2.42
1.22
2.13
2.21
2.37
1.45
1.62
1.98
1.95
1.39
1.15
2.40
2.43
1.94
2.38
2.40
2.02
1.42
1.11
1.49
2.30
1.54
1.67
2.53
1.60
1.91
1.10
1.35
2.33
1.76
2.66
2.29
1.79
2.09
2.59
1.86
2.05
1.46
1.08
1.73
1.59
2.38
1.75
1.75
1.00
1.14
1.39
1.87
2.17
1.86
2.20
1.15
1.31
2.07
2.36
2.19
2.59
2.49
2.31
2.47
1.75
2.01
1.30
1.41
2.36
1.48
1.09
1.01
1.94
1.23
1.69
1.83
2.29
2.35
2.47